3.340699950916511
3.35988478953698
3.3793319362312846
3.3995817332838225
3.4218198561847064
3.4446038325241055
3.4677357675885148
3.4919751886171198
3.5175093105980224
3.5430806623386464
3.569317345079004
3.5971480576354136
3.6252349548963116
3.6531588349077864
3.6818042667431063
3.7122811341577213
3.742347609154067
3.7722344216743853
3.802816881130541
3.8348272446859557
3.866030601879354
3.8973633471014444
3.929432249621772
3.962122395806622
3.9937184690716188
4.025776196091759
4.058713329178444
4.091341641803695
4.1226388145591715
4.154623379357905
4.187629662563587
4.219482943901366
4.249949032723824
4.281125900527712
4.313326142564627
4.343724284257892
4.3728471456163405
4.4025439185141275
4.433033038119944
4.461336425628144
4.488520278030634
4.516105182798425
4.544045768949957
4.569613174469235
4.594269423175937
4.619152314143548
4.643885809200882
4.666150152974579
4.687665280855154
4.709258442147456
4.7302087222365286
4.748623335373169
4.766392216976788
4.784108199668124
4.800755419322356
4.8148423880904385
4.828346053262689
4.841682583988524
4.8536088970231495
4.862982312853688
4.871757937422087
4.880271640496862
4.887118945751111
4.8914423297366785
4.895069737200511
4.8983659820218115
4.899817963161957
4.898841666700336
4.8970100805455
4.894823828788921
4.890667067245806
4.884235860721692
4.876718395942237
4.868861114566666
4.85894153249679
4.846944070278616
4.833558064029579
4.819846637314072
4.804120870726546
4.786514692217792
4.767223759662627
4.747632839718094
4.726158136990605
4.702953066763066
4.677808746650366
4.652373122942912
4.625293406500529
4.596496542564385
4.565637106852751
4.534484643000281
4.501997813022977
4.467663359683706
4.431360574753387
4.394752245451148
4.357101537826616
4.317390073591996
4.276026434852159
4.234243869967792
4.1916858201045875
4.1468382834643025
4.100901274296891
4.054245356146767
4.007127174295199
3.95743627327092
3.9074656794677303
3.856366096337926
3.8049550495902804
3.751129536294514
3.697415634140283
3.642445781104801
3.5870715474945656
3.5300194339194726
3.4727346016787157
3.414468478596712
3.3557604728231887
3.296197601095993
3.2356643556715916
3.174792775916567
3.11347475438977
3.051922018616974
2.9885225552322114
2.925919683608328
2.8627365419081277
2.7995075675649943
2.7343180242341893
2.6704205398986796
2.606160789404343
2.5416303275398553
2.476085876368856
2.4110914941584105
2.34634290638473
2.2814014244167637
2.216406252230169
2.1506848245288874
2.086300868870094
2.0219518268807644
1.9578806568208014
1.8924273997629069
1.8290503763775117
1.7661434400676732
1.7032516775161572
1.6398372174106985
1.5776929837084854
1.5166460151592185
1.4559083559536403
1.3955830693510651
1.3349902384726868
1.2766184863935455
1.2191285806904508
1.1621029187969658
1.104486662606148
1.0492859123260414
0.9954931315405128
0.942191238136373
0.8892505439287324
0.8374287412720373
0.787687681026951
0.7392717791137927
0.6916129931089073
0.6438590170936441
0.5989562407905478
0.5559187792348962
0.5136538342867626
0.471817077989053
0.4319967894949173
0.39433239928729064
0.35844690528860196
0.323460460613368
0.2890067773411762
0.25753618277367113
0.2283850720848241
0.20033237599870518
0.17291247673771068
0.14794697242045557
0.1252344618115568
0.10487077427644356
0.08550629061833029
0.06712262947383604
0.05177671163753673
0.03906239012850741
0.02786944081750744
0.0175154976862275
0.009787190026058885
0.0043317982943036236
0.0018338115176985074
0.0004821102152295777
0.00025958972801458146
0.002954519203431758
0.008093516661535027
0.015296528201407644
0.023347305882269857
0.0337751318451143
0.04637668619362621
0.062071681249689245
0.07914396321033584
0.09723308360347774
0.11832965634616516
0.14140136739296338
0.16741542687738165
0.19436689321944056
0.2232403392460328
0.2545507952423525
0.28860433707194816
0.32474349709482997
0.36167675421647194
0.40159243745314466
0.44305975793601765
0.48788700198521534
0.5340779913895577
0.5814647310640934
0.6317950567867094
0.6837310756706679
0.7388150719951947
0.7947321107363305
0.8527104514644387
0.9127828491288916
0.9752468268900346
1.0400401171006253
1.1054611463825545
1.1737858972861461
1.2432215487692373
1.3157173248838006
1.3897722246430668
1.4646375449177638
1.5425467199465874
1.621075117602076
1.7028604846252955
1.7856259620685149
1.869684796070274
1.956138832113997
2.043574669045889
2.1338275280580126
2.22461981826598
2.3173723421777486
2.4115583255420647
2.5073549259553847
2.60527195047795
2.7035079048678603
2.804153738659572
2.9053367852706002
3.00861910457435
3.113386370615073
3.2184015084868256
3.326105457647024
3.433560187401908
3.5433720324440348
3.654169303597426
3.7652376874443365
3.878911201723125
3.991910290460828
4.107262194627048
4.22321937946985
4.339568316379577
4.458119190193285
4.575880593438029
4.695742912651046
4.815935471111071
4.9366495463046345
5.059032076603074
5.1806768292074326
5.304025504288289
5.427502586769683
5.551591945418127
5.676831665986185
5.801402715830199
5.927286096828704
6.053115664203312
6.1795957590797315
6.30675975895725
6.433268874281916
6.560718151358007
6.68797089217478
6.815824189147556
6.943990776170955
7.07143309100239
7.19946904868505
7.327195449120047
7.455396480676182
7.583666348173745
7.71106987017293
7.838787105668728
7.966102858857569
8.09371177057088
8.221178456092288
8.347611994705447
8.474125652764528
8.600146104097256
8.726214424328711
8.852172704206918
8.976727206000108
9.10118207599169
9.225028227992198
9.348649927379457
9.472226450106579
9.594035755082388
9.715630356000194
9.836522200645897
9.95689889118777
10.077306295825654
10.195612218590293
10.313626918837484
10.430664914378399
10.54704524545729
10.663507206854113
10.777571264103553
10.891283758641745
11.003731398722106
11.115419324432949
11.227132755863499
11.336335191540565
11.445078368290595
11.55224678316809
11.658613102425784
11.76488244719119
11.868675329553378
11.971845246442582
12.073164760731323
12.1735972540184
12.273770396694433
12.371528407064565
12.468430369927397
12.563358174839022
12.657349116927842
12.750670775654003
12.84222287286767
12.932196582528155
13.02039061688955
13.107294472931354
13.193448744290604
13.278303274034835
13.360759827458654
13.441931546610597
13.52128154791074
13.59978499201325
13.677302873205157
13.75225380647982
13.826115330986328
13.897647327139117
13.96819261443716
14.038035413914105
14.105057225326105
14.171302465515641
14.234963831883608
14.297240763500337
14.359072344032727
14.41870667297253
14.476862542804238
14.532895683187744
14.587230657567478
14.640850146263663
14.692876962777929
14.74273086696387
14.791187075294687
14.837232279732685
14.882316952275918
14.926503994312862
14.968009451414579
15.00864282752956
15.046403951903624
15.08288794696375
15.118785422581073
15.152152195056402
15.18424703137238
15.214084232718234
15.241954902198426
15.269073809681272
15.294644728586567
15.317941721087191
15.34010706912586
15.359469708910616
15.377769161783045
15.395348686346772
15.410100438953084
15.42411934472514
15.435371326003605
15.444965098897306
15.453966705743937
15.460958746479813
15.466229484098038
15.470006988737563
15.471218089189646
15.471384087608998
15.470859856651
15.467503473941951
15.463678754435398
15.456951342400576
15.44871753948573
15.43999209526518
15.429159392153169
15.416911848455982
15.40315385102199
15.386941170320862
15.369712692855328
15.351933044616569
15.331395627495377
15.310597100583871
15.286967035382618
15.261914711041793
15.236393936406442
